0,9.79953055005,1485031023.0
0,10.8916575325,1485031059.0
0,12.2394894648,1485031113.0
0,11.05036055,1485031128.0
0,9.03822555005,1485031171.0
0,7.35248872382,1485031207.0
0,4.20592946478,1485031245.0
0,5.18755642106,1485031299.0
0,7.50189078831,1485031315.0
0,9.6039125325,1485031369.0
0,10.5685175325,1485031405.0
0,12.0287201796,1485031436.0
0,11.7890401796,1485031472.0
0,9.78776055005,1485031526.0
0,7.61298555005,1485031558.0
0,5.0679382713,1485031594.0
0,4.21240943075,1485031624.0
0,6.54578481738,1485031660.0
0,9.08717142106,1485031714.0
0,10.1649837238,1485031727.0
0,11.4060194308,1485031781.0
0,12.0309632713,1485031817.0
0,9.88019943075,1485031848.0
0,7.94419872382,1485031902.0
0,5.64444642106,1485031938.0
0,3.32179872382,1485031969.0
0,5.80985946478,1485032005.0
0,8.65277165363,1485032036.0
0,9.78390112692,1485032072.0
0,11.287930166,1485032126.0
0,12.201710166,1485032365.0
0,10.6915263333,1485032419.0
0,8.70774633332,1485032456.0
0,7.06624516601,1485032489.0
0,3.30210633332,1485032530.0
0,4.84558133332,1485032566.0
0,7.77269665363,1485032606.0
0,9.20638702669,1485032642.0
0,10.643255375,1485032674.0
0,12.1090982786,1485032728.0
0,11.1888982786,1485032764.0
0,9.48373690751,1485032796.0
0,7.57303202669,1485032821.0
0,4.40926190751,1485032875.0
0,3.44911037499,1485032895.0
0,7.27950509173,1485032949.0
0,8.72241142313,1485032985.0
0,10.4018457297,1485033019.0
0,11.7414512961,1485033073.0
0,11.8307479133,1485033086.0
0,9.92775988792,1485033140.0
0,8.57371629609,1485033176.0
0,5.52368129609,1485033206.0
0,3.36140394833,1485033242.0
0,6.31234931622,1485033296.0
0,7.86158988792,1485033311.0
0,10.0051049939,1485033354.0
0,11.3374245439,1485033405.0
0,12.1666745439,1485033429.0
0,10.4874080485,1485033483.0
0,9.05618454395,1485033501.0
0,6.43254454395,1485033552.0
0,4.2265275165,1485033588.0
0,5.2994635965,1485033619.0
0,8.3896235965,1485033673.0
0,9.4427775165,1485033709.0
0,10.9169635965,1485033741.0
0,11.8890585965,1485033777.0
0,11.14527348,1485033808.0
0,9.83373286599,1485033844.0
0,7.31057804847,1485033887.0
0,5.03236019241,1485033909.0
0,4.45982999388,1485033963.0
0,7.76439205578,1485034017.0
0,9.10362999388,1485034032.0
0,10.2840860155,1485034075.0
0,11.4489370558,1485034111.0
0,11.4917370558,1485034149.0
0,10.1397393162,1485034185.0
0,4.24887827863,1485034268.0
0,4.21716988792,1485034304.0
0,7.35825033527,1485034344.0
0,8.95037154489,1485034380.0
0,10.257520375,1485034412.0
0,11.1933016243,1485034448.0
0,11.5058170267,1485034488.0
0,9.49751158203,1485034542.0
0,7.98070202669,1485034578.0
0,4.85729662435,1485034610.0
0,3.12056327863,1485034635.0
0,6.63322509173,1485034686.0
0,8.64966101551,1485034710.0
0,10.0749262961,1485034764.0
0,11.2191001924,1485034779.0
0,12.0206960155,1485034833.0
0,10.0857043162,1485034887.0
0,8.78507572966,1485034901.0
0,5.85557394833,1485034955.0
0,3.59091894833,1485034991.0
0,5.76988570599,1485035022.0
0,7.62689705578,1485035058.0
0,9.70772848,1485035089.0
0,11.08107348,1485035143.0
0,11.8294125165,1485035179.0
0,10.6906585965,1485035209.0
0,9.54835886395,1485035245.0
0,6.82360386395,1485035299.0
0,4.84606147388,1485035312.0
0,4.80077650833,1485035355.0
0,6.94094059241,1485035391.0
0,9.19225569578,1485035430.0
0,10.2315538639,1485035484.0
0,11.3077631761,1485035500.0
0,11.2533930333,1485035554.0
0,9.72897817609,1485035590.0
0,7.86978129173,1485035621.0
0,5.48956629173,1485035657.0
0,3.84310870312,1485035711.0
0,6.12552987863,1485035725.0
0,8.81092085527,1485035779.0
0,10.3792268667,1485035810.0
0,11.1074498786,1485035846.0
0,11.493503055,1485035889.0
0,10.2578698786,1485035922.0
0,8.35639186669,1485035963.0
0,6.16576538435,1485035999.0
0,2.89190186669,1485036033.0
0,6.31787432601,1485036087.0
0,8.46962323322,1485036123.0
0,10.0188670925,1485036155.0
0,10.92816227,1485036191.0
0,12.1294724611,1485036222.0
0,10.8042774611,1485036258.0
0,8.89010868382,1485036298.0
0,5.68881858831,1485036352.0
0,3.90425371075,1485036388.0
0,5.62698747453,1485036420.0
0,7.45584405957,1485036456.0
0,9.65660747453,1485036487.0
0,10.6447524745,1485036523.0
0,11.8848824745,1485036566.0
0,11.4552437108,1485036599.0
0,9.52335871075,1485036641.0
0,6.53717868382,1485036695.0
0,4.72337247453,1485036711.0
0,4.58511358831,1485036765.0
0,6.9982353913,1485036801.0
0,9.2816153913,1485036832.0
0,10.2520624745,1485036868.0
0,11.4071703913,1485036899.0
0,11.2199203913,1485036953.0
0,9.66984227005,1485036989.0
0,8.03873371075,1485037020.0
0,6.13516364218,1485037056.0
0,3.36019247453,1485037110.0
0,5.28962905957,1485037121.0
0,8.45081246106,1485037164.0
0,9.47991727005,1485037200.0
0,10.7204140596,1485037240.0
0,11.8011140596,1485037294.0
0,10.6491274611,1485037330.0
0,8.8771553913,1485037362.0
0,7.10301871075,1485037398.0
0,3.8406653913,1485037429.0
0,4.79712864218,1485037465.0
0,7.58325358831,1485037519.0
0,8.92702368382,1485037531.0
0,10.7083837108,1485037585.0
0,11.8629474745,1485037639.0
0,11.3033803913,1485037653.0
0,9.34439405957,1485037696.0
0,7.84219358831,1485037732.0
0,4.86102368382,1485037772.0
0,3.4699103913,1485037808.0
0,6.80268858831,1485037844.0
0,9.15936358831,1485037895.0
0,9.80230823322,1485037931.0
0,11.1845251048,1485037962.0
0,11.9637540596,1485037998.0
0,10.1688290596,1485038052.0
0,8.73342405957,1485038065.0
0,5.87767358831,1485038116.0
0,3.37045246106,1485038157.0
0,5.60116727005,1485038193.0
0,8.45111227005,1485038226.0
0,9.59761727005,1485038262.0
0,10.82918727,1485038316.0
0,11.7091735883,1485038329.0
0,10.7493040596,1485038383.0
0,9.15602823322,1485038419.0
0,6.88356227005,1485038451.0
0,3.43206323322,1485038494.0
0,4.22439823322,1485038527.0
0,7.72013405957,1485038569.0
0,9.24695368382,1485038605.0
0,10.4417585883,1485038639.0
0,11.2908035883,1485038675.0
0,11.1028686838,1485038729.0
0,10.0402974611,1485038742.0
0,7.85526247453,1485038796.0
0,4.62823746106,1485038827.0
0,3.58511905957,1485038863.0
0,7.0565503913,1485038917.0
0,8.52324858831,1485038932.0
0,10.2093053913,1485038983.0
0,10.8894740596,1485039019.0
0,11.7350824745,1485039051.0
0,10.1080736422,1485039105.0
0,8.41871246106,1485039141.0
0,5.36017868382,1485039170.0
0,3.22552868382,1485039206.0
0,5.86100905957,1485039239.0
0,8.22007409997,1485039275.0
0,10.0594041,1485039329.0
0,10.5716136838,1485039342.0
0,11.7058136838,1485039396.0
0,10.3906703913,1485039450.0
0,9.58163364218,1485039463.0
0,6.6799103913,1485039517.0
0,4.55012746106,1485039553.0
0,4.56844905957,1485039584.0
0,6.58449727005,1485039609.0
0,9.43398909997,1485039660.0
0,10.6801053913,1485039701.0
0,11.19833727,1485039737.0
0,11.2226474611,1485039772.0
0,9.77025405957,1485039808.0
0,7.95687871075,1485039862.0
0,5.78905871075,1485039875.0
0,3.38174868382,1485039926.0
0,6.82714868382,1485039967.0
0,8.61773246106,1485040003.0
0,10.2029374611,1485040037.0
0,10.83346727,1485040073.0
0,11.8570624745,1485040127.0
0,10.7458091,1485040140.0
0,8.83748871075,1485040194.0
0,6.81906246106,1485040230.0
0,3.62203405957,1485040261.0
0,5.83617247453,1485040304.0
0,7.83168871075,1485040337.0
0,9.57903247453,1485040379.0
0,10.7506686481,1485040415.0
0,11.7521286422,1485040449.0
0,11.3194131083,1485040485.0
0,9.16379518558,1485040539.0
0,8.07727364812,1485040552.0
0,4.87954834095,1485040606.0
0,4.68974172146,1485040640.0
0,6.69112810829,1485040673.0
0,9.4808674789,1485040727.0
0,10.3474244876,1485040743.0
0,11.6892714068,1485040783.0
0,12.0568924789,1485040819.0
0,7.9801924789,1485040912.0
0,6.0279601345,1485040948.0
0,2.81708708216,1485040982.0
0,5.27658561328,1485041018.0
0,8.54160161493,1485041050.0
0,9.71414927806,1485041086.0
0,11.5229293353,1485041129.0
0,12.2005060503,1485041162.0
0,10.4457060503,1485041204.0
0,8.51013410823,1485041258.0
0,6.33532693927,1485041274.0
0,2.89367193927,1485041328.0
0,5.38169336426,1485041364.0
0,8.18266677327,1485041395.0
0,9.48592677327,1485041431.0
0,10.5375111133,1485041465.0
0,12.1022080552,1485041505.0
0,10.8579533643,1485041541.0
0,8.87415191828,1485041580.0
0,6.97597191828,1485041616.0
0,3.87727336426,1485041657.0
0,4.14100691828,1485041693.0
0,7.36607400521,1485041733.0
0,8.81557177327,1485041769.0
0,10.734490785,1485041823.0
0,11.4474943353,1485041852.0
0,11.2784286141,1485041888.0
0,9.61371125813,1485041926.0
0,7.76594910824,1485041962.0
0,4.48238111325,1485041996.0
0,3.11360012302,1485042032.0
0,6.62836578495,1485042086.0
0,8.58772956781,1485042098.0
0,9.99924361407,1485042139.0
0,11.4062755999,1485042193.0
0,11.8883105999,1485042215.0
0,10.0332995678,1485042269.0
0,8.71024456781,1485042305.0
0,5.70228078495,1485042335.0
0,3.48952078495,1485042371.0
0,5.86668196943,1485042425.0
0,7.45210861407,1485042438.0
0,9.74409496263,1485042481.0
0,11.0869449626,1485042535.0
0,11.8455749626,1485042571.0
0,10.3842595678,1485042604.0
0,9.35369170231,1485042640.0
0,6.39101956781,1485042678.0
0,4.47181768872,1485042714.0
0,4.99998196943,1485042747.0
0,7.88924996263,1485042798.0
0,9.31488638953,1485042822.0
0,10.5087576887,1485042862.0
0,11.5148063895,1485042898.0
0,11.2022369694,1485042952.0
0,9.91903996263,1485042966.0
0,7.95338362707,1485043020.0
0,5.65013638953,1485043040.0
0,3.50744081894,1485043094.0
0,6.59347996263,1485043136.0
0,8.76809581894,1485043172.0
0,9.92813496263,1485043434.0
0,11.2247321638,1485043470.0
0,11.6852217023,1485043502.0
0,10.4749405882,1485043538.0
0,8.46464196943,1485043579.0
0,6.7354073125,1485043615.0
0,3.23514638953,1485043655.0
0,6.00026111634,1485043697.0
0,7.70346638953,1485043733.0
0,9.9432673125,1485043773.0
0,10.7506476617,1485043798.0
0,4.07270670231,1485044000.0
0,5.18306081894,1485044054.0
0,6.85310268872,1485044066.0
0,9.5120573125,1485044120.0
0,10.3348873125,1485044156.0
0,11.6701440732,1485044189.0
0,11.1367961163,1485044225.0
0,9.33438111634,1485044256.0
0,6.82991286163,1485044310.0
0,4.72094286163,1485044346.0
0,4.68410256937,1485044377.0
0,6.35376286163,1485044413.0
0,9.16905205613,1485044467.0
0,10.2971015331,1485044479.0
0,11.3504354344,1485044520.0
0,11.5081884886,1485044556.0
0,9.95960678486,1485044595.0
0,7.69344618958,1485044649.0
0,5.7734305081,1485044685.0
0,3.46836932171,1485044719.0
0,5.92469033841,1485044755.0
0,8.33544618958,1485044786.0
0,9.70539932171,1485044822.0
0,10.7794347473,1485044863.0
0,11.569747458,1485044899.0
0,10.3550253384,1485044939.0
0,8.3762055081,1485044981.0
0,6.22670245801,1485045017.0
0,3.79549093513,1485045056.0
0,4.06168432171,1485045092.0
0,7.0991605081,1485045124.0
0,8.76583983078,1485045160.0
0,10.3232077168,1485045214.0
0,11.3397729797,1485045232.0
0,11.2216636514,1485045273.0
0,9.30866593513,1485045327.0
0,7.82227365145,1485045363.0
0,4.87301873909,1485045398.0
0,2.74974771679,1485045420.0
0,6.27004771679,1485045474.0
0,8.04232093513,1485045496.0
0,9.80658865145,1485045539.0
0,10.7719287391,1485045575.0
0,11.6448486514,1485045613.0
0,10.0889429797,1485045667.0
0,8.92172061962,1485045703.0
0,5.98807892,1485045737.0
0,4.17063147224,1485045773.0
0,4.88478873909,1485045804.0
0,6.66969271679,1485045840.0
0,9.28046892,1485045878.0
0,10.6658206196,1485045932.0
0,11.610598948,1485045968.0
0,10.5728013734,1485046001.0
0,9.77955563645,1485046025.0
0,7.63581063645,1485046079.0
0,5.96795394804,1485046115.0
0,3.18167147784,1485046150.0
0,4.72461147784,1485046186.0
0,7.67488641263,1485046217.0
0,9.55191647784,1485046271.0
0,10.6321230302,1485046292.0
0,11.43009892,1485046343.0
0,10.7380456196,1485046368.0
0,9.14453141263,1485046411.0
0,7.31080394804,1485046447.0
0,4.44324303021,1485046487.0
0,9.26437141263,1485046628.0
0,9.96764561962,1485046664.0
0,11.293343948,1485046681.0
0,11.3139564126,1485046717.0
0,9.83397872435,1485046756.0
0,6.95315063645,1485046799.0
0,5.17886803021,1485046835.0
0,3.89350641263,1485046874.0
0,5.93692147784,1485046910.0
0,8.66517141263,1485046948.0
0,9.82373803021,1485046984.0
0,11.1163737243,1485047014.0
0,11.8830287243,1485047050.0
0,10.0700814126,1485047089.0
0,7.99321141263,1485047143.0
0,6.24894372435,1485047164.0
0,2.48349647784,1485047207.0
0,4.93729141263,1485047243.0
0,7.74925141263,1485047282.0
0,9.52038341301,1485047318.0
0,11.1298826206,1485047361.0
0,11.2728188008,1485047394.0
0,10.9598799485,1485047435.0
0,8.98305494855,1485047489.0
0,6.93182880078,1485047505.0
0,4.06284841301,1485047546.0
0,4.29698994855,1485047582.0
0,7.06674280091,1485047622.0
0,9.02317994855,1485047658.0
0,10.6597694731,1485047712.0
0,11.4360544731,1485047725.0
0,11.3736204786,1485047767.0
0,9.59421047861,1485047821.0
0,7.84431372435,1485047841.0
0,4.91925280091,1485047889.0
0,2.62564994855,1485047925.0
0,5.81658803021,1485047979.0
0,7.96480103046,1485047989.0
0,10.0227454786,1485048043.0
0,10.8371856371,1485048079.0
0,11.5344338008,1485048110.0
0,10.2021406371,1485048157.0
0,9.05670563708,1485048193.0
0,6.43258262064,1485048225.0
0,4.12685994855,1485048261.0
0,5.12552563708,1485048315.0
0,7.11111447313,1485048328.0
0,9.46099547861,1485048382.0
0,10.261893413,1485048404.0
0,11.8239119811,1485048458.0
0,10.8782104786,1485048490.0
0,9.71816947313,1485048526.0
0,7.61733137464,1485048566.0
0,5.60257547861,1485048602.0
0,2.63898880078,1485048642.0
0,6.47462547861,1485048696.0
0,8.28292547861,1485048713.0
0,10.0487994731,1485048764.0
0,11.0666099211,1485048788.0
0,11.8298144731,1485048839.0
0,10.8886167406,1485048862.0
0,8.77267262064,1485048916.0
0,7.19160492114,1485048931.0
0,4.18744637464,1485048985.0
0,5.39735762064,1485049039.0
0,7.38501698113,1485049052.0
0,9.58559637464,1485049094.0
0,10.3382344731,1485049130.0
0,11.7836717406,1485049168.0
0,11.7387675104,1485049204.0
0,9.40183262064,1485049258.0
0,8.15755698113,1485049274.0
0,4.98579992114,1485049317.0
0,4.81126093703,1485049371.0
0,6.49584698113,1485049389.0
0,8.95189762064,1485049443.0
0,10.1579219811,1485049479.0
0,11.2580063746,1485049506.0
0,11.8753963746,1485049542.0
0,10.2112006531,1485049596.0
0,8.87006174062,1485049613.0
0,5.85694174062,1485049656.0
0,3.33198137464,1485049710.0
0,5.76409593703,1485049731.0
0,8.49325992114,1485049785.0
0,9.8934106531,1485049821.0
0,11.1177119811,1485049852.0
0,11.7796313746,1485049888.0
0,10.6495869811,1485049926.0
0,8.63305674062,1485049980.0
0,6.75072371857,1485049996.0
0,3.6162556531,1485050047.0
0,4.52972198113,1485050083.0
0,7.88368730849,1485050114.0
0,9.47192134082,1485050150.0
0,10.6517078329,1485050190.0
0,11.9355543243,1485050244.0
0,11.0283478329,1485050258.0
0,9.23117134082,1485050312.0
0,7.50477751038,1485050348.0
0,4.72851275009,1485050379.0
0,3.16847646067,1485050415.0
0,6.42581230849,1485050469.0
0,8.7233415363,1485050481.0
0,9.97219751038,1485050535.0
0,11.3796327501,1485050570.0
0,11.5733264607,1485050603.0
0,9.9463515363,1485050644.0
0,8.51907805981,1485050680.0
0,5.3143177879,1485050720.0
0,3.0207727879,1485050756.0
0,6.20088269945,1485050788.0
0,8.89134443769,1485050842.0
0,9.99186149207,1485050878.0
0,11.3674675732,1485050909.0
0,11.9419676994,1485050945.0
0,10.3060275732,1485050999.0
0,9.00695769945,1485051012.0
0,6.09976769945,1485051066.0
0,4.45580257318,1485051102.0
0,4.65120405888,1485051130.0
0,7.69796123953,1485051184.0
0,9.33360103122,1485051203.0
0,10.7794568662,1485051254.0
0,11.3629421566,1485051290.0
0,11.2104671566,1485051320.0
0,9.98862243488,1485051356.0
0,7.92132007813,1485051398.0
0,5.80860507812,1485051431.0
0,3.29171045052,1485051472.0
0,6.51241045052,1485051526.0
0,8.68398631771,1485051541.0
0,10.455189594,1485051595.0
0,11.1749168245,1485051631.0
0,11.7158313177,1485051663.0
0,10.794379594,1485051699.0
0,8.60834416926,1485051730.0
0,5.60984682452,1485051784.0
0,3.19949416926,1485051820.0
0,5.90073459404,1485051851.0
0,8.05849739575,1485051887.0
0,9.62093066698,1485051925.0
0,10.8153523958,1485051961.0
0,11.9466539755,1485051994.0
0,10.2465141693,1485052048.0
0,9.14443959404,1485052084.0
0,6.28038863278,1485052116.0
0,4.07921182452,1485052152.0
0,5.4262366952,1485052206.0
0,6.72478682452,1485052220.0
0,9.46524496898,1485052263.0
0,10.353879969,1485052299.0
0,11.6303475744,1485052337.0
0,10.4827667918,1485052391.0
0,9.17394926536,1485052410.0
0,6.22979513,1485052461.0
0,4.13027506253,1485052484.0
0,5.3316650127,1485052524.0
0,7.15098911585,1485052560.0
0,9.72273094765,1485052599.0
0,10.8321070584,1485052653.0
0,11.7091859476,1485052689.0
0,11.0557422872,1485052723.0
0,9.48251594765,1485052759.0
0,6.91196292896,1485052790.0
0,4.65467594765,1485052826.0
0,4.76970356204,1485052880.0
0,6.7917922872,1485052893.0
0,9.12044292895,1485052947.0
0,10.551448562,1485053001.0
0,11.5236926243,1485053011.0
0,11.5038240224,1485053065.0
0,10.1852053793,1485053088.0
0,8.08243457343,1485053139.0
0,6.12213927747,1485053162.0
0,3.60431830755,1485053216.0
0,5.47330402238,1485053232.0
0,8.57195957343,1485053286.0
0,10.2822531345,1485053340.0
0,11.1708233076,1485053353.0
0,11.9749931345,1485053396.0
0,10.9589350926,1485053432.0
0,9.02707830755,1485053471.0
0,6.95234830755,1485053507.0
0,3.63586462356,1485053544.0
0,5.84755462356,1485053595.0
0,7.77354509257,1485053631.0
0,9.82313009257,1485053662.0
0,10.5363133076,1485053698.0
0,11.8486484896,1485053752.0
0,11.3435997146,1485053762.0
0,9.73124511947,1485053816.0
0,7.86719641755,1485053852.0
0,5.06430471457,1485053882.0
0,4.5042497325,1485053936.0
0,6.39915641755,1485053972.0
0,9.12781965942,1485054004.0
0,10.1731097325,1485054040.0
0,11.1119534896,1485054071.0
0,11.9778283524,1485054107.0
0,10.2715497325,1485054145.0
0,7.9903097325,1485054199.0
0,6.30629335238,1485054235.0
0,3.01550835238,1485054269.0
0,5.23617511947,1485054523.0
0,7.99254965942,1485054563.0
0,9.66884119832,1485054599.0
0,10.9806611983,1485054653.0
0,11.9413846594,1485054684.0
0,10.9445434985,1485054720.0
0,9.49817619832,1485054760.0
0,7.88167965411,1485054784.0
0,4.7444647325,1485054835.0
0,3.2020597325,1485054871.0
0,6.73704119832,1485054905.0
0,9.31299335238,1485054959.0
0,10.6849004868,1485054995.0
0,11.5734411983,1485055026.0
0,11.9111993492,1485055048.0
0,9.94369465942,1485055102.0
0,8.49444335238,1485055138.0
0,5.78734335238,1485055170.0
0,3.25564411203,1485055224.0
0,5.82460465411,1485055260.0
0,8.50655965411,1485055291.0
0,9.71876934919,1485055327.0
0,10.9695993492,1485055358.0
0,11.786219112,1485055394.0
0,10.7443643492,1485055433.0
0,8.80894411203,1485055484.0
0,6.74470434919,1485055509.0
0,3.91675240374,1485055563.0
0,4.21843434919,1485055578.0
0,7.30880411203,1485055632.0
0,9.30259740374,1485055668.0
0,10.5779004868,1485055700.0
0,11.8969584736,1485055754.0
0,11.2219127229,1485055790.0
0,9.45293240374,1485055821.0
0,7.69853048685,1485055857.0
0,5.12401369652,1485055888.0
0,2.94084307239,1485055924.0
0,6.60273928312,1485055978.0
0,8.29957660126,1485055991.0
0,10.3497371058,1485056045.0
0,11.4230892831,1485056099.0
0,11.956676118,1485056112.0
0,10.0524336965,1485056166.0
0,8.63181160126,1485056202.0
0,6.06934428312,1485056233.0
0,4.01405307239,1485056255.0
0,5.73472154051,1485056309.0
0,8.25200210583,1485056363.0
0,9.61391111798,1485056378.0
0,11.002771118,1485056421.0
0,11.5301036965,1485056457.0
0,10.7491680724,1485056495.0
0,9.62174428312,1485056531.0
0,6.95389111798,1485056585.0
0,4.20954210583,1485056616.0
0,4.07653724667,1485056652.0
0,6.94656160126,1485056686.0
0,8.88939724667,1485056722.0
0,10.528226118,1485056776.0
0,11.4140622467,1485056789.0
0,10.280521118,1485056868.0
0,7.93442224667,1485056907.0
0,5.16893928312,1485056958.0
0,2.83524998734,1485056994.0
0,6.16646654051,1485057025.0
0,7.94116710583,1485057050.0
0,9.99706654051,1485057104.0
0,10.7787015405,1485057125.0
0,11.7503671058,1485057179.0
0,10.8310625872,1485057215.0
0,8.98823433997,1485057249.0
0,6.13276154051,1485057303.0
0,4.20478530458,1485057319.0
0,5.00491258716,1485057370.0
0,7.04563530458,1485057406.0
0,9.47855024578,1485057437.0
0,10.5432045164,1485057473.0
0,11.51824934,1485057527.0
0,11.5393745164,1485057541.0
0,9.81827951638,1485057584.0
0,7.49382289349,1485057635.0
0,5.33793788116,1485057658.0
0,3.96537951638,1485057712.0
0,6.13140206972,1485057727.0
0,8.75206539895,1485057781.0
0,10.1800578935,1485057817.0
0,11.3798478702,1485057849.0
0,11.4185828935,1485057903.0
0,10.5963743072,1485057939.0
0,8.30961504895,1485057970.0
0,6.49470771849,1485058006.0
0,2.88595430722,1485058037.0
0,5.127097,1485058073.0
0,7.772137,1485058111.0
0,9.90552028275,1485058165.0
0,11.0968049437,1485058201.0
0,11.8782343072,1485058234.0
0,10.9694749437,1485058258.0
0,8.83910494366,1485058312.0
0,6.98797771849,1485058334.0
0,4.05791954578,1485058376.0
0,4.33064605247,1485058412.0
0,6.96730004895,1485058450.0
0,9.53792454578,1485058504.0
0,10.6122045458,1485058540.0
0,11.5639695458,1485058574.0
0,11.4683965248,1485058610.0
0,9.80321588083,1485058640.0
0,7.79144671216,1485058676.0
0,4.76227671216,1485058730.0
0,2.89920549051,1485058766.0
0,6.67981730548,1485058794.0
0,9.13065230548,1485058848.0
0,10.4855880662,1485058866.0
0,11.4733578831,1485058909.0
0,11.7076376138,1485058945.0
0,10.3609467236,1485058983.0
0,8.41364261376,1485059019.0
0,5.74873453402,1485059053.0
0,3.15448321044,1485059107.0
0,5.90277821044,1485059143.0
0,8.13693806624,1485059174.0
0,9.65901306624,1485059210.0
0,11.0928499666,1485059264.0
0,11.7536070742,1485059278.0
0,10.9256470344,1485059320.0
0,9.27598996661,1485059356.0
0,6.89709703442,1485059395.0
0,3.31848203442,1485059449.0
0,4.62923203442,1485059468.0
0,7.52170311103,1485059519.0
0,9.30051935507,1485059555.0
0,10.610793111,1485059586.0
0,11.6156062986,1485059622.0
0,11.4758293551,1485059676.0
0,10.1950393551,1485059690.0
0,7.64629935507,1485059733.0
0,4.76104435507,1485059784.0
0,3.34343629856,1485059807.0
0,6.54372311103,1485059861.0
0,8.430697047,1485059877.0
0,10.4373126445,1485059931.0
0,11.5321201724,1485059967.0
0,11.8778806025,1485059998.0
0,10.0963861868,1485060052.0
0,5.52460517238,1485060118.0
0,2.89282635427,1485060154.0
0,6.07117831093,1485060186.0
0,7.81514618683,1485060222.0
0,10.1508606747,1485060276.0
0,10.7624611868,1485060289.0
0,11.8922856747,1485060343.0
0,10.4883867745,1485060397.0
0,8.78692135427,1485060411.0
0,6.69039948636,1485060465.0
0,4.44692414812,1485060501.0
0,4.74725017238,1485060531.0
0,7.07212457176,1485060567.0
0,9.43521957176,1485060600.0
0,10.8861395718,1485060651.0
0,11.480528554,1485060687.0
0,11.1980772015,1485060719.0
0,10.078497297,1485060755.0
0,7.05581881015,1485060809.0
0,5.20286720153,1485060823.0
0,3.92900355396,1485060866.0
0,6.30657220153,1485060902.0
0,8.88310645335,1485060942.0
0,10.95857453,1485060984.0
0,11.595182225,1485061020.0
0,11.313277297,1485061058.0
0,10.2000847627,1485061094.0
0,7.784417297,1485061127.0
0,6.2865597627,1485061163.0
0,2.37663953,1485061217.0
0,5.11711729365,1485061231.0
0,7.95058884036,1485061285.0
0,10.3446468316,1485061339.0
0,11.1460768316,1485061353.0
0,11.8446896087,1485061396.0
0,11.02170453,1485061432.0
0,8.96648683161,1485061470.0
0,7.29835683161,1485061506.0
0,4.1512407452,1485061560.0
0,5.1682757452,1485061592.0
0,6.84187421191,1485061617.0
0,9.36222070654,1485061657.0
0,10.549802762,1485061693.0
0,11.9321614295,1485061747.0
0,11.4721971578,1485061761.0
0,9.52784449271,1485061815.0
0,7.58269276202,1485061851.0
0,4.93650142949,1485061882.0
0,4.43354807812,1485061936.0
0,6.61102449271,1485061972.0
0,8.90935807812,1485062003.0
0,10.0291664295,1485062039.0
0,11.6640832755,1485062070.0
0,12.1280122191,1485062106.0
0,10.1211432755,1485062160.0
0,8.07538251926,1485062173.0
0,5.81599827552,1485062227.0
0,2.50988394638,1485062281.0
0,5.14723807813,1485062295.0
0,8.17922350622,1485062337.0
0,9.47825894638,1485062373.0
0,11.3339522369,1485062415.0
0,12.2635783113,1485062451.0
0,11.0935622857,1485062482.0
0,8.44824508488,1485062536.0
0,7.30379723695,1485062572.0
0,3.94374853953,1485062603.0
0,3.50565728568,1485062639.0
0,7.10201018481,1485062693.0
0,8.52413223695,1485062707.0
0,10.2402372857,1485062750.0
0,11.3634784421,1485062786.0
0,11.4375672857,1485062824.0
0,9.57069344207,1485062878.0
0,8.08052518481,1485062894.0
0,5.60377880019,1485062948.0
0,2.72226880019,1485062984.0
0,5.75293344207,1485063015.0
0,7.61109880019,1485063051.0
0,9.50318223695,1485063089.0
0,11.1664972369,1485063143.0
0,12.0475669754,1485063162.0
0,10.6724883113,1485063213.0
0,9.1735469754,1485063249.0
0,6.8544597925,1485063278.0
0,4.5661269754,1485063314.0
0,4.5445983113,1485063368.0
0,6.38520223695,1485063379.0
0,9.35178890794,1485063433.0
0,10.9111328857,1485063487.0
0,11.4789997925,1485063502.0
0,11.0162247925,1485063545.0
0,10.0275920311,1485063581.0
0,7.84136183703,1485063619.0
0,5.64546759082,1485063655.0
0,2.70515079599,1485063693.0
0,6.77543079599,1485063744.0
0,8.01983676259,1485063780.0
0,10.155025796,1485063809.0
0,11.124980796,1485063845.0
0,11.681380796,1485063899.0
0,10.7016920311,1485063909.0
0,8.34961183703,1485063963.0
0,6.54480259082,1485063999.0
0,2.95158390794,1485064031.0
0,5.47024183703,1485064085.0
0,7.62775029614,1485064121.0
0,9.58745529614,1485064153.0
0,10.163050796,1485064189.0
0,11.554796837,1485064223.0
0,11.4075375311,1485064256.0
0,9.22847029614,1485064310.0
0,7.5711013781,1485064346.0
0,5.25154933714,1485064373.0
0,3.14445029614,1485064427.0
0,5.96871529614,1485064442.0
0,8.34760040814,1485064496.0
0,9.86605238605,1485064532.0
0,11.341582386,1485064565.0
0,12.121933263,1485064590.0
0,10.4250474759,1485064644.0
0,8.10429738605,1485064683.0
0,6.63037238605,1485064719.0
0,3.01870329296,1485064749.0
0,4.03306329296,1485064785.0
0,7.26285829296,1485064839.0
0,8.75370994271,1485064852.0
0,10.295238293,1485064906.0
0,11.3850083008,1485064942.0
0,11.4685256855,1485064973.0
0,9.19225073763,1485065016.0
0,7.72834068554,1485065052.0
0,4.85150478645,1485065092.0
0,2.03647568554,1485065125.0
0,6.67528758587,1485065168.0
0,8.06057568554,1485065204.0
0,9.93803044724,1485065238.0
0,11.2454306855,1485065292.0
0,11.7700925859,1485065328.0
0,9.56246044724,1485065360.0
0,8.34351272,1485065612.0
0,6.00899044724,1485065663.0
0,3.44237772,1485065686.0
0,5.52931758587,1485065740.0
0,7.35911272,1485065755.0
0,9.51177160474,1485065809.0
0,11.0068470071,1485065863.0
0,11.7845375859,1485065877.0
0,10.9541316047,1485065920.0
0,9.20603700712,1485065956.0
0,7.24444160474,1485065996.0
0,5.03444258587,1485066032.0
0,4.42906857929,1485066068.0
0,7.40646977659,1485066119.0
0,8.70223977659,1485066142.0
0,10.4985942101,1485066193.0
0,11.3007347766,1485066216.0
0,11.2118571014,1485066270.0
0,9.83637210145,1485066285.0
0,7.9695560206,1485066339.0
0,6.1425310206,1485066375.0
0,2.06959793078,1485066406.0
0,6.34959793078,1485066460.0
0,8.02197326341,1485066496.0
0,9.7436160206,1485066528.0
0,11.0035449098,1485066553.0
0,12.2046437646,1485066604.0
0,11.0704767724,1485066628.0
0,8.48046465921,1485066682.0
0,6.91292020801,1485066700.0
0,3.5622299098,1485066751.0
0,4.91045376458,1485066805.0
0,7.18553033339,1485066819.0
0,9.31918910613,1485066862.0
0,10.1669552469,1485066898.0
0,11.6292403334,1485066938.0
0,11.1593453423,1485066974.0
0,8.7683241106,1485067010.0
0,6.61690026474,1485067061.0
0,3.97199395544,1485067097.0
0,4.60022679913,1485067127.0
0,7.15016470384,1485067163.0
0,9.1758599455,1485067217.0
0,9.98767679913,1485067230.0
0,11.5450617991,1485067284.0
0,11.6511197038,1485067320.0
0,9.56768107415,1485067352.0
0,7.14463524817,1485067406.0
0,5.3852579888,1485067418.0
0,3.25687717731,1485067472.0
0,5.9063479888,1485067492.0
0,8.56573927707,1485067546.0
0,9.97431668953,1485067582.0
0,11.3672336507,1485067617.0
0,11.8498036507,1485067660.0
0,11.0302481475,1485067682.0
0,8.82009210531,1485067736.0
0,7.15089210531,1485067772.0
0,3.44066710531,1485067804.0
0,3.71084210531,1485067840.0
0,7.42809314745,1485067878.0
0,9.19375168953,1485067932.0
0,10.2685828137,1485067968.0
0,11.814339898,1485067999.0
0,11.7185100677,1485068035.0
0,9.55322080157,1485068066.0
0,8.54346594573,1485068102.0
0,6.13885843577,1485068156.0
0,3.22878585812,1485068169.0
0,5.76168343577,1485068223.0
0,8.43931343021,1485068277.0
0,9.53910094573,1485068291.0
0,11.0850876143,1485068345.0
0,12.1423475378,1485068381.0
0,10.7764925378,1485068411.0
0,9.33507581828,1485068447.0
0,7.23176483825,1485068482.0
0,3.40460081828,1485068533.0
0,3.60869841028,1485068569.0
0,7.41014581828,1485068598.0
0,8.74295753779,1485068634.0
0,10.5262948383,1485068688.0
0,11.5102682518,1485068703.0
0,11.3639225378,1485068754.0
0,9.45961325177,1485068795.0
0,8.09334081828,1485068831.0
0,5.98654951566,1485068864.0
0,3.35849506556,1485068900.0
0,5.54124157,1485068954.0
0,7.44863271411,1485068968.0
0,9.34407506556,1485069022.0
0,10.38031657,1485069058.0
0,11.8424272274,1485069089.0
0,10.8632991177,1485069132.0
0,9.5536191177,1485069165.0
0,7.28684100128,1485069208.0
0,5.14844600128,1485069229.0
0,3.82596199466,1485069283.0
0,6.41856203786,1485069319.0
0,8.66286100128,1485069354.0
0,11.4202341177,1485069430.0
0,11.5935663871,1485069468.0
0,10.2464483849,1485069504.0
0,8.0759413871,1485069538.0
0,6.1494078095,1485069574.0
0,2.24771199466,1485069614.0
0,6.5356778095,1485069668.0
0,8.25469199466,1485069704.0
0,9.80990811328,1485069737.0
0,10.816845029,1485069773.0
0,11.7952733849,1485069804.0
0,11.4299425534,1485069840.0
0,9.21056749579,1485069894.0
0,7.73406044812,1485069910.0
0,4.19557044813,1485069961.0
0,4.17193749579,1485070015.0
0,6.84800749579,1485070028.0
0,9.15020544813,1485070071.0
0,10.3247438118,1485070107.0
0,11.6733675534,1485070147.0
0,12.1193837874,1485070183.0
0,10.1087242231,1485070216.0
0,8.06318755345,1485070270.0
0,6.50844250468,1485070291.0
0,2.51053537497,1485070345.0
0,5.53435537497,1485070381.0
0,8.29935422308,1485070414.0
0,9.60463537497,1485070450.0
0,10.8118437874,1485070481.0
0,12.1941923983,1485070535.0
0,10.7600235745,1485070571.0
0,8.78020037497,1485070601.0
0,6.92092750468,1485070637.0
0,3.01161857453,1485070691.0
0,4.02259338606,1485070705.0
0,7.8583589038,1485070748.0
0,9.05909239825,1485070784.0
0,10.444585375,1485070824.0
0,11.6611738118,1485070878.0
0,11.6258289038,1485070892.0
0,9.35136857453,1485070946.0
0,7.90777239825,1485070982.0
0,4.82891175081,1485071013.0
0,2.21179357453,1485071049.0
0,7.04296284505,1485071103.0
0,8.30385702132,1485071117.0
0,9.98356338606,1485071171.0
0,11.3023383861,1485071202.0
0,12.295592845,1485071238.0
0,10.3639380923,1485071292.0
0,9.19076675081,1485071304.0
0,7.11144284505,1485071358.0
0,4.8263924925,1485071394.0
0,3.4476974925,1485071426.0
0,7.5795024925,1485071480.0
0,8.97409175081,1485071516.0
0,10.5409760457,1485071547.0
0,11.3276770213,1485071572.0
0,12.1483737519,1485071623.0
0,10.439677845,1485071647.0
0,8.39544284505,1485071701.0
0,6.65883284505,1485071717.0
0,2.39123980957,1485071771.0
0,6.47649980957,1485071825.0
0,8.23579175081,1485071838.0
0,9.98042675081,1485071892.0
0,10.972002845,1485071928.0
0,12.258142845,1485071959.0
0,10.8117433861,1485071995.0
0,9.00480784505,1485072026.0
0,6.42963175081,1485072069.0
0,3.56920784505,1485072105.0
0,5.0093624925,1485072144.0
0,7.59847604572,1485072180.0
0,9.68769809228,1485072234.0
0,10.3033548096,1485072250.0
0,11.9374567508,1485072304.0
0,11.7550217508,1485072340.0
0,9.95145309228,1485072371.0
0,7.79998784505,1485072425.0
0,6.10863175081,1485072438.0
0,2.09666675081,1485072492.0
0,5.34184604572,1485072528.0
0,8.3231524925,1485072558.0
0,9.5049674925,1485072594.0
0,11.1254537519,1485072648.0
0,12.4688387519,1485072680.0
0,11.058137845,1485072716.0
0,9.3664024925,1485072747.0
0,8.0176674925,1485072783.0
0,4.68759838606,1485072826.0
0,2.62332784505,1485072859.0
0,6.32464104572,1485072901.0
0,8.2081274925,1485072937.0
0,9.73080284505,1485072971.0
0,11.280162845,1485073025.0
0,12.2390660457,1485073061.0
0,10.3640217508,1485073092.0
0,9.2577974925,1485073128.0
0,7.26356604572,1485073159.0
0,4.5952724925,1485073195.0
0,3.44634104572,1485073249.0
0,6.36053309228,1485073262.0
0,8.99589604572,1485073316.0
0,10.4864060457,1485073370.0
0,11.0922770213,1485073383.0
0,11.6026737519,1485073426.0
0,10.0998874925,1485073462.0
0,8.35228061113,1485073502.0
0,6.50947375192,1485073538.0
0,2.5210774925,1485073571.0
0,6.09138104572,1485073625.0
0,8.18563662332,1485073661.0
0,9.81149375192,1485073692.0
0,10.6265760457,1485073728.0
0,11.1709366233,1485073777.0
0,12.0229260457,1485073782.0
0,9.13177561113,1485073842.0
0,7.70413662332,1485073878.0
0,4.09430457786,1485073916.0
0,4.41096178851,1485073970.0
0,7.01777610669,1485073983.0
0,9.03627875192,1485074037.0
0,10.6174549093,1485074073.0
0,11.4659806111,1485074103.0
0,11.8839045779,1485074139.0
0,9.77219678851,1485074193.0
0,8.73970957786,1485074207.0
0,5.51383875192,1485074261.0
0,2.66991220203,1485074292.0
0,5.90206957786,1485074328.0
0,8.69968397919,1485074366.0
0,9.86887220203,1485074402.0
0,11.2124795779,1485074456.0
0,11.9951217885,1485074490.0
0,10.4246116233,1485074526.0
0,8.87377220203,1485074557.0
0,7.37983897919,1485074593.0
0,3.26582110669,1485074647.0
0,3.44237110669,1485074660.0
0,7.67475999249,1485074703.0
0,8.92673720203,1485074739.0
0,10.8269851599,1485074777.0
0,11.970352202,1485074831.0
0,11.4057139792,1485074867.0
0,9.50667720203,1485074902.0
0,8.24526490935,1485074927.0
0,5.15276999249,1485074978.0
0,2.75100185501,1485075002.0
0,6.57176261777,1485075056.0
0,8.25665422863,1485075074.0
0,9.90838499249,1485075116.0
0,11.187647202,1485075170.0
0,12.2188642286,1485075192.0
0,10.2308042286,1485075246.0
0,9.09214761777,1485075282.0
0,6.36761897919,1485075314.0
0,3.78531515989,1485075350.0
0,4.88068770312,1485075384.0
0,8.13203185501,1485075435.0
0,9.40640185501,1485075471.0
0,10.5368242286,1485075502.0
0,11.7514651599,1485075538.0
0,10.9524027031,1485075578.0
0,9.70424770312,1485075614.0
0,7.52198270313,1485075646.0
0,3.94596923859,1485075700.0
0,3.29641270423,1485075736.0
0,7.46744262551,1485075767.0
0,8.94053185833,1485075803.0
0,10.5688376255,1485075857.0
0,11.1236027031,1485075870.0
0,11.3234651599,1485075913.0
0,10.4000118583,1485075949.0
0,8.58128270313,1485075989.0
0,6.60192222083,1485076043.0
0,3.93740923859,1485076058.0
0,4.07267000466,1485076112.0
0,6.84771500466,1485076148.0
0,9.40371722083,1485076179.0
0,10.1736489958,1485076215.0
0,11.5904900047,1485076269.0
0,11.1048042386,1485076300.0
0,10.2879268139,1485076336.0
0,8.01646222083,1485076367.0
0,6.09142612991,1485076403.0
0,1.86365500466,1485076457.0
0,4.91007665097,1485076697.0
0,8.00108992372,1485076751.0
0,9.41013722083,1485076787.0
0,11.005310641,1485076818.0
0,12.0513745989,1485076861.0
0,10.8267595989,1485076897.0
0,8.95684681395,1485076937.0
0,7.41501612991,1485076973.0
0,3.76569064099,1485077006.0
0,3.10559112991,1485077042.0
0,7.40902608,1485077096.0
0,8.31299492372,1485077109.0
0,10.370788784,1485077163.0
0,11.75750608,1485077217.0
0,11.7720317939,1485077230.0
0,9.43615564099,1485077284.0
0,8.17409064099,1485077320.0
0,4.931982529,1485077351.0
0,2.42391813099,1485077387.0
0,6.17857288597,1485077418.0
0,8.75615608,1485077472.0
0,10.1745648549,1485077508.0
0,11.5040920689,1485077538.0
0,12.148102886,1485077574.0
0,9.98184108,1485077628.0
0,9.12160788597,1485077642.0
0,6.24170288597,1485077696.0
0,3.50895679395,1485077732.0
0,4.58178843583,1485077763.0
0,8.07415485491,1485077817.0
0,9.34703343583,1485077830.0
0,10.7722734358,1485077884.0
0,11.6861239558,1485077920.0
0,11.0369004336,1485077951.0
0,9.77634245466,1485077987.0
0,7.69037745466,1485078027.0
0,3.55720206888,1485078081.0
0,3.09395343583,1485078094.0
0,7.24348395578,1485078148.0
0,8.82119895578,1485078184.0
0,10.2587439558,1485078216.0
0,11.2492954336,1485078252.0
0,11.5292075655,1485078306.0
0,9.96168706888,1485078319.0
0,8.02083895578,1485078373.0
0,4.42547756551,1485078407.0
0,2.00904395578,1485078440.0
0,6.25036256551,1485078494.0
0,8.15068256551,1485078507.0
0,9.75378362872,1485078561.0
0,10.7288475655,1485078597.0
0,11.8286024547,1485078628.0
0,10.3247638792,1485078682.0
0,8.88160885042,1485078718.0
0,6.12541428833,1485078749.0
0,3.53761928833,1485078785.0
0,4.73054385042,1485078815.0
0,7.37536043359,1485078851.0
0,9.56308256551,1485078905.0
0,10.1694786287,1485078919.0
0,11.6281825655,1485078973.0
0,10.6528775655,1485079027.0
0,9.47052756551,1485079040.0
0,7.27219762312,1485079094.0
0,4.42906387923,1485079130.0
0,3.56839262312,1485079161.0
0,6.33594762312,1485079197.0
0,9.09453912863,1485079228.0
0,10.5795522993,1485079282.0
0,11.1878137728,1485079318.0
0,11.4146537728,1485079349.0
0,10.2216037728,1485079385.0
0,8.23551863749,1485079439.0
0,5.87584762312,1485079452.0
0,2.54396820286,1485079495.0
0,4.71645377277,1485079531.0
0,8.36272011419,1485079570.0
0,10.0502386375,1485079624.0
0,10.9339301142,1485079639.0
0,12.1269801142,1485079693.0
0,11.0552832029,1485079729.0
0,9.11653511419,1485079761.0
0,7.26736729935,1485079797.0
0,3.64477208203,1485079851.0
0,3.36336208203,1485079864.0
0,7.26748320286,1485079918.0
0,9.66929648332,1485079949.0
0,10.4183334767,1485079985.0
0,11.9987223325,1485080039.0
0,11.012257082,1485080052.0
0,9.34405347669,1485080106.0
0,7.94071110192,1485080142.0
0,4.13579110192,1485080172.0
0,4.03549214072,1485080223.0
0,6.8065473325,1485080247.0
0,9.41474517505,1485080301.0
0,10.4684778258,1485080317.0
0,11.616805175,1485080371.0
0,11.8616178258,1485080407.0
0,10.015550175,1485080438.0
0,7.93912558632,1485080492.0
0,5.13003962957,1485080528.0
0,2.71466069606,1485080559.0
0,5.18047569606,1485080595.0
0,8.40064069606,1485080626.0
0,9.84409094325,1485080662.0
0,11.167527665,1485080716.0
0,12.0231227481,1485080729.0
0,10.4358009433,1485080772.0
0,8.51339266497,1485080826.0
0,6.72062108177,1485080848.0
0,3.09011108177,1485080902.0
0,4.29798353968,1485080938.0
0,7.73817766497,1485080971.0
0,9.57241100079,1485081007.0
0,10.9437052081,1485081038.0
0,12.1654759465,1485081092.0
0,11.4565300451,1485081128.0
0,9.28766774808,1485081159.0
0,7.95930594645,1485081195.0
0,3.79494600079,1485081249.0
0,3.08960329676,1485081262.0
0,6.88586725903,1485081316.0
0,8.61300504511,1485081352.0
0,10.3611929697,1485081383.0
0,11.5119779697,1485081437.0
0,12.0025388177,1485081450.0
0,10.1080968499,1485081504.0
0,8.7465173421,1485081540.0
0,5.3605138177,1485081570.0
0,3.41052816243,1485081606.0
0,5.63826816243,1485081660.0
0,7.54064783328,1485081674.0
0,9.7598073421,1485081728.0
0,11.0614944463,1485081759.0
0,11.96950625,1485081795.0
0,10.67266625,1485081849.0
0,9.1236923421,1485081862.0
0,6.57884625,1485081916.0
0,4.84459723426,1485081952.0
0,4.24751543066,1485081983.0
0,7.84043349056,1485082037.0
0,9.08741316243,1485082073.0
0,10.8157104307,1485082104.0
0,11.5154904307,1485082140.0
0,11.2505898841,1485082171.0
0,9.93695422786,1485082207.0
0,8.05913698825,1485082250.0
0,5.81759914677,1485082283.0
0,2.26526488411,1485082325.0
0,6.32563398273,1485082379.0
0,8.83302223426,1485082395.0
0,10.0940801302,1485082449.0
0,11.5597255402,1485082485.0
0,11.8960539827,1485082516.0
0,10.8031519883,1485082549.0
0,8.85575198825,1485082590.0
0,5.69294414677,1485082644.0
0,3.93104554028,1485082660.0
0,4.82048045828,1485082714.0
0,7.43957554028,1485082750.0
0,9.55790545828,1485082780.0
0,10.7084255403,1485082816.0
0,11.8570705403,1485082851.0
0,10.9359441468,1485082902.0
0,9.98043931077,1485082938.0
0,7.42700045828,1485082969.0
0,4.77530698825,1485083005.0
0,3.3043951302,1485083059.0
0,5.86935054028,1485083072.0
0,8.85598545828,1485083126.0
0,10.1767843108,1485083162.0
0,11.2823409228,1485083193.0
0,11.3513559228,1485083247.0
0,10.1752954583,1485083260.0
0,8.10190554028,1485083314.0
0,5.67300554028,1485083350.0
0,2.36135554028,1485083380.0
0,4.42952592279,1485083416.0
0,8.17320931077,1485083470.0
0,9.60288723426,1485083485.0
0,11.1604604581,1485083528.0
0,11.9638422343,1485083568.0
0,10.6903843108,1485083604.0
0,8.8964955402,1485083658.0
0,6.65449592267,1485083675.0
0,3.38511092267,1485083726.0
0,4.07940414657,1485083762.0
0,7.52727545813,1485083793.0
0,9.75127045813,1485083844.0
0,10.8066251299,1485083867.0
0,11.9579451299,1485083921.0
0,11.523606988,1485083937.0
0,9.98510543031,1485083980.0
0,8.39056512988,1485084016.0
0,4.81141512988,1485084056.0
0,3.46880543031,1485084107.0
0,5.76395543031,1485084132.0
0,9.10634988372,1485084186.0
0,10.4574931619,1485084202.0
0,11.5028734901,1485084256.0
0,11.8929789825,1485084292.0
0,10.3502701299,1485084323.0
0,8.52293316193,1485084377.0
0,5.70428488372,1485084413.0
0,2.6716844457,1485084444.0
0,4.89859422731,1485084480.0
0,8.86599734144,1485084514.0
0,9.8513844457,1485084547.0
0,11.3243223414,1485084590.0
0,11.8480044457,1485084623.0
0,10.9563992273,1485084665.0
0,9.1050594457,1485084719.0
0,7.26650422731,1485084736.0
0,3.84838922731,1485084779.0
0,3.41884881707,1485084815.0
0,6.69458922731,1485084853.0
0,9.15731296884,1485084889.0
0,10.7453778325,1485084923.0
0,11.6171888171,1485084977.0
0,11.6405073414,1485085013.0
0,10.0692123414,1485085043.0
0,8.4400544457,1485085079.0
0,5.1149000188,1485085121.0
0,2.78808381707,1485085154.0
0,5.51063422731,1485085195.0
0,8.52016329582,1485085231.0
0,10.1615550188,1485085265.0
0,11.1656488171,1485085319.0
0,11.8345000188,1485085355.0
0,10.4545692273,1485085386.0
0,9.63917225817,1485085422.0
0,6.37289734144,1485085453.0
0,4.0941200188,1485085489.0
0,4.31112684915,1485085543.0
0,6.3849900188,1485085556.0
0,9.63777829582,1485085610.0
0,10.8741279688,1485085664.0
0,11.7874082958,1485085677.0
0,11.3481732958,1485085731.0
0,9.8111300188,1485085767.0
0,8.16424004413,1485085798.0
0,6.00053774687,1485085834.0
0,2.30827829582,1485085868.0
0,6.09233020703,1485085919.0
0,8.46666020703,1485085955.0
0,10.2684285673,1485085986.0
0,11.5306076636,1485086022.0
0,12.2605727469,1485086060.0
0,11.1698010806,1485086096.0
0,9.39863266364,1485086133.0
0,6.32505766364,1485086184.0
0,4.38872069458,1485086220.0
0,4.73028853839,1485086251.0
0,7.05111853839,1485086287.0
0,9.84744094189,1485086341.0
0,10.8814806946,1485086355.0
0,11.9359949574,1485086395.0
0,11.4032776636,1485086449.0
0,10.0587659419,1485086485.0
0,7.78448094189,1485086516.0
0,5.06259856613,1485086552.0
0,3.40010837312,1485086606.0
0,5.49789094189,1485086619.0
0,8.92719337312,1485086673.0
0,10.317559628,1485086709.0
0,11.6299255848,1485086740.0
0,11.8355009419,1485086794.0
0,10.6664399574,1485086810.0
0,8.73080995736,1485086861.0
0,6.41372495736,1485086897.0
0,3.35185962801,1485086927.0
0,4.2924005848,1485086963.0
0,8.1208716756,1485087017.0
0,10.3947261001,1485087050.0
0,11.1029873308,1485087072.0
0,12.2211373308,1485087126.0
0,11.980422139,1485087162.0
0,10.1998578242,1485087193.0
0,9.0902916756,1485087229.0
0,5.77169569458,1485087283.0
0,4.33256233078,1485087297.0
0,4.79430213896,1485087340.0
0,8.31884733078,1485087394.0
0,9.73400110013,1485087414.0
0,11.1950861001,1485087468.0
0,12.0992892143,1485087487.0
0,11.7976114814,1485087527.0
0,10.396822139,1485087563.0
0,8.1668816756,1485087831.0
0,4.96512648145,1485087885.0
0,2.67265148145,1485087921.0
0,6.19723148145,1485087952.0
0,8.71250820087,1485087988.0
0,10.4376414814,1485088022.0
0,11.3789482009,1485088055.0
0,12.3102934747,1485088096.0
0,11.1653934747,1485088132.0
0,9.22433290159,1485088172.0
0,5.90251790159,1485088226.0
0,3.98855708,1485088242.0
0,4.92213208,1485088283.0
0,7.02969148145,1485088319.0
0,9.69744320087,1485088358.0
0,11.0380686353,1485088394.0
0,12.1702641264,1485088448.0
0,12.1290691264,1485088464.0
0,10.5624536353,1485088505.0
0,8.31179320087,1485088559.0
0,6.13220320087,1485088579.0
0,3.16637011212,1485088633.0
0,4.85413912645,1485088669.0
0,8.22878363534,1485088703.0
0,9.53203847474,1485088739.0
0,11.2956837705,1485088770.0
0,12.3474937705,1485088824.0
0,11.4979251121,1485088860.0
0,10.0765725676,1485088890.0
0,8.17557511212,1485088926.0
0,4.78672912645,1485088980.0
0,2.80844377054,1485088994.0
0,6.57349363534,1485089048.0
0,9.15760551771,1485089084.0
0,10.7364641264,1485089115.0
0,11.77280708,1485089169.0
0,12.2736751121,1485089182.0
0,10.7973186353,1485089236.0
0,9.29468708,1485089272.0
0,6.49926412645,1485089303.0
0,4.24932729724,1485089339.0
0,4.70929877054,1485089380.0
0,6.87600262078,1485089413.0
0,9.64215256763,1485089454.0
0,10.9616991264,1485089508.0
0,11.7009336353,1485089523.0
0,11.2175737705,1485089577.0
0,10.1320126208,1485089613.0
0,7.61380384796,1485089645.0
0,5.16560762078,1485089681.0
0,3.65762387685,1485089712.0
0,6.95019551771,1485089766.0
0,9.35704256301,1485089802.0
0,10.861253848,1485089833.0
0,11.9594286261,1485089869.0
0,11.9527988768,1485089923.0
0,11.111307563,1485089936.0
0,8.81769887685,1485089990.0
0,6.42125262078,1485090026.0
0,2.99424256763,1485090057.0
0,5.96643043105,1485090111.0
0,8.27839245208,1485090124.0
0,10.2779042859,1485090178.0
0,11.4215174521,1485090214.0
0,12.2055092859,1485090245.0
0,11.691573848,1485090281.0
0,9.77734384796,1485090317.0
0,7.07089745208,1485090368.0
0,4.43355551771,1485090404.0
0,4.38207756301,1485090433.0
0,6.42196887685,1485090469.0
0,9.43848928591,1485090523.0
0,10.547208848,1485090539.0
0,11.4566726208,1485090593.0
0,12.2007136261,1485090629.0
0,10.7155536261,1485090661.0
0,8.51534679113,1485090702.0
0,5.88152206614,1485090738.0
0,2.15091884796,1485090778.0
0,5.10875362611,1485090814.0
0,8.77161179113,1485090845.0
0,10.2201098521,1485090881.0
0,11.2077536261,1485090935.0
0,12.1482498521,1485090948.0
0,11.6978925261,1485091002.0
0,9.43205343314,1485091056.0
0,7.48465343314,1485091070.0
0,4.37605179113,1485091113.0
0,3.74076288312,1485091149.0
0,6.99084985214,1485091186.0
0,9.29270179113,1485091222.0
0,11.090451077,1485091276.0
0,11.7037028831,1485091290.0
0,12.1949075261,1485091344.0
0,10.9168718108,1485091375.0
0,8.9423331281,1485091411.0
0,5.45782179113,1485091465.0
0,3.56936164788,1485091478.0
0,5.56186485214,1485091532.0
0,8.31080752607,1485091568.0
0,10.2889281281,1485091599.0
0,11.8461668108,1485091653.0
0,12.2352581281,1485091689.0
0,11.099873781,1485091720.0
0,9.64769788312,1485091756.0
0,6.66193752607,1485091787.0
0,4.45484607703,1485091823.0
0,4.59691681082,1485091877.0
0,6.66291612675,1485091889.0
0,9.71330164788,1485091943.0
0,11.2446561268,1485091997.0
0,11.9160811268,1485092011.0
0,11.8622168108,1485092065.0
0,10.6882561268,1485092101.0
0,8.47763612675,1485092131.0
0,6.07602112675,1485092167.0
0,2.62634112675,1485092199.0
0,6.22331681082,1485092253.0
0,8.81505959567,1485092289.0
0,10.226753781,1485092320.0
0,11.4393961268,1485092356.0
0,12.1882345957,1485092410.0
0,11.1892372176,1485092423.0
0,9.10947112675,1485092477.0
0,7.1204189925,1485092513.0
0,4.33215923519,1485092544.0
0,5.2856450013,1485092598.0
0,7.4160150013,1485092611.0
0,10.2134142352,1485092665.0
0,10.9910099204,1485092701.0
0,12.0527272176,1485092732.0
0,11.8786311268,1485092768.0
0,10.1275806379,1485092822.0
0,9.36757923519,1485092836.0
0,5.9133249204,1485092890.0
0,2.6771099204,1485092920.0
0,5.52253423519,1485092956.0
0,8.7600599204,1485093010.0
0,10.1039799204,1485093023.0
0,11.4198392352,1485093077.0
0,12.3749777007,1485093113.0
0,11.2673642352,1485093144.0
0,9.52603269953,1485093198.0
0,7.13098685481,1485093234.0
0,3.90950923519,1485093265.0
0,4.08980423519,1485093301.0
0,7.67615185481,1485093332.0
0,9.57112185481,1485093368.0
0,11.1547218548,1485093422.0
0,11.7514326221,1485093435.0
0,11.9687492352,1485093489.0
0,10.4789377007,1485093543.0
0,8.7139250013,1485093557.0
0,5.48999269953,1485093604.0
0,2.92107185481,1485093640.0
0,6.03753516195,1485093677.0
0,8.46519770068,1485093699.0
0,10.5151542352,1485093753.0
0,11.8492401619,1485093807.0
0,12.3937818548,1485093822.0
0,10.8809876221,1485093864.0
0,9.58405016195,1485093900.0
0,6.40668516195,1485093939.0
0,4.12564923519,1485093975.0
0,5.11121269953,1485094009.0
0,8.88178015622,1485094063.0
0,10.1750577007,1485094099.0
0,11.5569627007,1485094130.0
0,12.0729676221,1485094166.0
0,11.9056518514,1485094204.0
0,10.5641701619,1485094240.0
0,8.14543516195,1485094274.0
0,4.5917500013,1485094328.0
0,3.56262516195,1485094364.0
0,6.99762269953,1485094391.0
0,9.11843270068,1485094427.0
0,10.9074727007,1485094481.0
0,11.4832118548,1485094498.0
0,12.2440701619,1485094552.0
0,11.2081427007,1485094588.0
0,9.43711015622,1485094616.0
0,6.32176261406,1485094670.0
0,3.94319515622,1485094706.0
0,5.40272685138,1485094737.0
0,7.94499515622,1485094773.0
0,10.1578068514,1485094804.0
0,11.3838749887,1485094840.0
0,12.6453899055,1485094894.0
0,12.1574849887,1485094906.0
0,10.0290027007,1485094960.0
0,7.56033015622,1485095014.0
0,5.39518515622,1485095029.0
0,3.86995185138,1485095072.0
0,6.5212599887,1485095108.0
0,9.31406015622,1485095148.0
0,10.7996399055,1485095184.0
0,11.7188851562,1485095216.0
0,12.2559826141,1485095270.0
0,10.9957477007,1485095306.0
0,9.23820269953,1485095337.0
0,7.29168422488,1485095373.0
0,4.06830922488,1485095414.0
0,4.49523922488,1485095436.0
0,7.96537685138,1485095490.0
0,9.77737015622,1485095526.0
0,11.2271776141,1485095558.0
0,12.2784951562,1485095612.0
0,11.6386868514,1485095648.0
0,9.79775185138,1485095679.0
0,7.82895185138,1485095715.0
0,4.52153015622,1485095746.0
0,3.84203761406,1485095782.0
0,7.3927749887,1485095836.0
0,9.2609949887,1485095849.0
0,11.0617899055,1485095903.0
0,12.3950195739,1485095957.0
0,12.5999121981,1485095971.0
0,10.5284099887,1485096014.0
0,8.95454015622,1485096050.0
0,5.6144349887,1485096090.0
0,3.28556490552,1485096126.0
0,6.0392249887,1485096158.0
0,9.33752422488,1485096212.0
0,10.5824692249,1485096248.0
0,11.8883621981,1485096279.0
0,12.0305168548,1485096315.0
0,11.1099399055,1485096369.0
0,9.71794261406,1485096379.0
0,6.62717490552,1485096433.0
0,4.6621349887,1485096469.0
0,4.4064211027,1485096503.0
0,7.94755219812,1485096557.0